Classification  Description
bin0   good_die
bin1   RLHL_H_fail
bin2   RLHH_L_fail
bin3   Dummy_Heater_fail
bin4   TSR_fail
bin5   RPD_Si,CSYNC_fail
bin6   RPD_CLK,Di_fail
bin7   ID_fail
bin8   Fn-Gnd_fail(Open_Short)

CP_SPEC(ohm)
RLHL_H=  225~295
RLHH_L=  215~285
TSR=  65~80
RPD_Si,A1=  7500~11500
RPD_Di=  37500~52500
ID=  3000~7000

GAT0025#1(1NKJ410)
PCS=1
Pass_dices= 238
Bin0= 87.179%
Bin1=  3.539%
Bin2=  2.898%
Bin3=  1.921%
Bin4=  0.046%
Bin5=  2.135%
Bin6=  0.285%
Bin7=  0.700%
Bin8=  1.298%

Bin1(RLHL_H_fail)==>(Qty=32)
1 4 15 17 39 68 77 87 91 96 97 102 117 137 139 140 144 146 151 168 192 224 225 251 255 256 260 265 267 268 270 272 
Bin2(RLHH_L_fail)==>(Qty=31)
4 15 17 39 57 68 77 87 91 96 97 102 117 137 140 144 145 146 151 168 192 224 225 251 255 260 265 267 268 270 272 
Bin3(Dummy_Heater_fail)==>(Qty=25)
4 17 39 68 87 96 97 102 117 137 140 144 145 146 151 168 224 225 251 255 260 265 267 268 270 
Bin4(TSR_fail)==>(Qty=1)
267 
Bin5(RPD_Si,CSYNC_fail)==>(Qty=24)
1 4 15 17 57 68 77 87 96 102 137 140 144 145 146 168 211 224 225 251 260 267 268 270 
Bin6(RPD_CLK,Di_fail)==>(Qty=5)
87 96 225 251 267 
Bin7(ID_fail)==>(Qty=10)
4 68 87 96 102 140 144 211 251 267 
Bin8(Open_Short)==>(Qty=18)
4 39 68 87 97 102 117 137 140 144 145 146 151 168 251 260 265 267 
GAT0025#2(1NKJ410)
PCS=2
Pass_dices= 214
Bin0= 78.388%
Bin1=  4.311%
Bin2=  4.952%
Bin3=  3.182%
Bin4=  0.366%
Bin5=  2.650%
Bin6=  1.234%
Bin7=  2.315%
Bin8=  2.602%

Bin1(RLHL_H_fail)==>(Qty=48)
1 7 8 9 17 22 23 31 32 43 45 48 56 64 102 109 113 121 127 140 148 149 150 151 158 161 162 168 170 173 181 182 183 193 209 210 211 223 225 228 250 255 260 261 262 266 267 272 
Bin2(RLHH_L_fail)==>(Qty=50)
1 7 8 9 23 31 32 43 45 48 56 64 102 109 113 121 127 129 140 148 149 150 151 154 158 161 162 168 170 173 181 182 183 184 193 209 210 211 223 225 228 250 255 256 260 261 262 266 267 272 
Bin3(Dummy_Heater_fail)==>(Qty=42)
1 7 8 9 31 32 43 45 48 64 102 109 113 121 127 129 140 148 149 158 161 162 168 170 173 181 182 183 193 209 210 211 223 225 228 250 255 260 261 262 266 267 
Bin4(TSR_fail)==>(Qty=1)
134 
Bin5(RPD_Si,CSYNC_fail)==>(Qty=33)
8 9 17 22 31 43 48 64 71 102 109 113 121 127 129 149 158 161 168 173 181 182 183 184 209 211 225 255 260 261 262 266 267 
Bin6(RPD_CLK,Di_fail)==>(Qty=9)
9 23 113 170 172 225 238 260 266 
Bin7(ID_fail)==>(Qty=21)
9 31 32 43 48 64 71 76 101 109 113 121 127 149 168 181 225 261 263 266 267 
Bin8(Open_Short)==>(Qty=36)
7 8 9 31 32 43 48 64 102 109 121 127 129 140 148 149 158 161 162 168 173 181 182 183 193 209 211 223 225 228 250 255 260 261 262 267 
GAT0025#3(1NKJ410)
PCS=3
Pass_dices= 216
Bin0= 79.121%
Bin1=  4.196%
Bin2=  4.654%
Bin3=  3.677%
Bin4=  0.549%
Bin5=  2.157%
Bin6=  0.771%
Bin7=  1.687%
Bin8=  3.189%

Bin1(RLHL_H_fail)==>(Qty=49)
3 5 19 27 32 40 46 47 55 56 57 62 67 80 83 89 97 98 111 115 118 124 125 127 134 141 149 161 179 182 189 196 198 199 202 203 208 212 228 240 243 246 255 256 260 261 264 267 268 
Bin2(RLHH_L_fail)==>(Qty=51)
3 5 19 27 32 40 46 47 55 56 57 62 67 80 83 86 89 98 111 115 118 124 125 127 134 141 149 161 179 180 182 189 196 198 199 202 203 208 212 223 228 240 243 246 255 256 260 261 264 267 268 
Bin3(Dummy_Heater_fail)==>(Qty=46)
3 5 13 16 19 27 32 40 46 47 55 56 57 62 80 83 89 98 115 118 124 125 127 134 141 149 161 179 182 189 196 198 199 202 203 208 212 223 228 240 243 246 255 256 261 264 
Bin4(TSR_fail)==>(Qty=2)
31 210 
Bin5(RPD_Si,CSYNC_fail)==>(Qty=31)
5 19 27 32 46 47 56 57 62 89 111 115 124 141 149 161 179 182 196 198 199 202 203 212 223 240 243 246 256 261 267 
Bin6(RPD_CLK,Di_fail)==>(Qty=10)
40 46 67 89 118 127 182 203 208 268 
Bin7(ID_fail)==>(Qty=20)
31 32 46 47 62 67 89 107 111 115 124 149 179 182 189 198 199 203 256 261 
Bin8(Open_Short)==>(Qty=41)
3 5 13 16 19 27 32 40 46 47 55 56 57 62 80 83 89 98 115 124 134 149 161 179 182 189 196 198 199 202 203 212 223 228 240 243 246 255 256 261 264 
GAT0025#4(1NKJ410)
PCS=4
Pass_dices= 252
Bin0= 92.308%
Bin1=  2.329%
Bin2=  1.963%
Bin3=  1.078%
Bin4=  0.366%
Bin5=  0.657%
Bin6=  0.260%
Bin7=  0.413%
Bin8=  0.626%

Bin1(RLHL_H_fail)==>(Qty=18)
32 34 94 102 114 119 126 137 146 159 176 177 178 181 203 221 260 270 
Bin2(RLHH_L_fail)==>(Qty=17)
15 34 102 114 119 126 137 146 159 176 177 178 203 221 236 260 270 
Bin3(Dummy_Heater_fail)==>(Qty=12)
94 102 114 119 126 137 176 177 178 203 260 270 
Bin4(TSR_fail)==>(Qty=1)
134 
Bin5(RPD_Si,CSYNC_fail)==>(Qty=8)
34 137 146 176 177 203 221 260 
Bin6(RPD_CLK,Di_fail)==>(Qty=4)
137 178 260 270 
Bin7(ID_fail)==>(Qty=6)
137 146 176 178 260 270 
Bin8(Open_Short)==>(Qty=7)
15 114 119 176 177 203 260 
GAT0025#5(1NKJ410)
PCS=5
Pass_dices= 248
Bin0= 90.842%
Bin1=  2.372%
Bin2=  1.823%
Bin3=  1.566%
Bin4=  0.366%
Bin5=  1.170%
Bin6=  0.187%
Bin7=  0.382%
Bin8=  1.292%

Bin1(RLHL_H_fail)==>(Qty=21)
22 28 50 76 96 98 107 118 143 144 147 148 159 161 163 210 211 245 249 256 261 
Bin2(RLHH_L_fail)==>(Qty=19)
22 28 29 50 76 96 98 118 143 144 147 148 161 210 211 245 249 256 261 
Bin3(Dummy_Heater_fail)==>(Qty=18)
22 28 76 96 98 118 143 144 147 148 161 188 210 211 245 249 256 261 
Bin4(TSR_fail)==>(Qty=1)
6 
Bin5(RPD_Si,CSYNC_fail)==>(Qty=11)
3 50 118 143 144 147 161 163 210 256 261 
Bin6(RPD_CLK,Di_fail)==>(Qty=3)
161 249 261 
Bin7(ID_fail)==>(Qty=6)
50 161 210 249 256 261 
Bin8(Open_Short)==>(Qty=15)
22 28 50 76 96 98 118 143 144 161 188 210 211 245 256 
GAT0025#6(1NKJ410)
PCS=6
Pass_dices= 235
Bin0= 86.081%
Bin1=  3.071%
Bin2=  3.803%
Bin3=  2.216%
Bin4=  0.000%
Bin5=  1.593%
Bin6=  0.531%
Bin7=  1.245%
Bin8=  1.459%

Bin1(RLHL_H_fail)==>(Qty=32)
13 30 55 77 78 79 81 83 86 95 97 99 101 118 123 125 126 152 156 160 167 170 196 206 218 235 254 255 258 260 261 267 
Bin2(RLHH_L_fail)==>(Qty=34)
30 55 77 78 79 81 83 86 95 97 99 101 107 118 121 123 125 148 152 156 160 167 170 196 206 218 222 235 254 255 258 260 261 267 
Bin3(Dummy_Heater_fail)==>(Qty=27)
13 30 55 77 78 79 81 95 97 99 101 118 123 125 148 156 160 167 170 218 235 254 255 258 260 261 267 
Bin4(TSR_fail)==>(Qty=0)

Bin5(RPD_Si,CSYNC_fail)==>(Qty=19)
13 30 79 81 83 86 94 95 97 123 125 148 160 167 196 235 254 255 267 
Bin6(RPD_CLK,Di_fail)==>(Qty=6)
30 118 152 196 206 261 
Bin7(ID_fail)==>(Qty=13)
30 81 94 95 118 160 167 182 235 254 255 261 267 
Bin8(Open_Short)==>(Qty=19)
13 55 77 78 79 81 101 125 148 160 167 218 235 254 255 258 260 261 267 
GAT0025#7(1NKJ410)
PCS=7
Pass_dices= 237
Bin0= 86.813%
Bin1=  2.855%
Bin2=  3.129%
Bin3=  2.629%
Bin4=  0.000%
Bin5=  1.328%
Bin6=  0.217%
Bin7=  1.194%
Bin8=  1.835%

Bin1(RLHL_H_fail)==>(Qty=29)
13 31 59 66 67 73 81 83 93 113 128 134 137 139 146 155 157 175 178 186 190 192 222 226 247 254 261 262 267 
Bin2(RLHH_L_fail)==>(Qty=29)
13 31 59 66 67 73 81 83 93 113 128 134 139 146 155 157 178 186 190 192 222 226 231 237 247 254 261 262 267 
Bin3(Dummy_Heater_fail)==>(Qty=27)
13 31 59 66 67 81 83 93 99 113 128 134 137 139 146 155 157 178 186 190 192 222 225 226 261 262 269 
Bin4(TSR_fail)==>(Qty=0)

Bin5(RPD_Si,CSYNC_fail)==>(Qty=17)
13 59 66 73 93 113 128 134 137 146 186 190 226 247 254 261 267 
Bin6(RPD_CLK,Di_fail)==>(Qty=3)
81 93 267 
Bin7(ID_fail)==>(Qty=9)
13 59 93 180 186 226 247 266 267 
Bin8(Open_Short)==>(Qty=20)
13 59 66 67 83 93 99 128 134 137 139 146 155 157 186 190 225 226 261 269 
GAT0025#8(1NKJ410)
PCS=8
Pass_dices= 251
Bin0= 91.941%
Bin1=  1.984%
Bin2=  2.167%
Bin3=  1.252%
Bin4=  0.000%
Bin5=  1.129%
Bin6=  0.000%
Bin7=  0.672%
Bin8=  0.855%

Bin1(RLHL_H_fail)==>(Qty=19)
2 6 22 74 98 100 119 127 150 161 182 188 217 230 233 241 254 258 261 
Bin2(RLHH_L_fail)==>(Qty=20)
2 6 22 74 98 100 118 119 127 150 161 174 182 188 217 230 233 241 254 261 
Bin3(Dummy_Heater_fail)==>(Qty=16)
2 6 22 74 98 100 119 127 161 188 217 230 233 241 254 261 
Bin4(TSR_fail)==>(Qty=0)

Bin5(RPD_Si,CSYNC_fail)==>(Qty=14)
2 6 22 74 100 119 161 174 217 230 233 241 254 261 
Bin6(RPD_CLK,Di_fail)==>(Qty=0)

Bin7(ID_fail)==>(Qty=6)
22 74 119 217 233 253 
Bin8(Open_Short)==>(Qty=12)
2 22 74 100 119 127 161 188 217 230 233 261 
GAT0025#9(1NKJ410)
PCS=9
Pass_dices= 240
Bin0= 87.912%
Bin1=  3.122%
Bin2=  2.267%
Bin3=  1.748%
Bin4=  0.464%
Bin5=  1.718%
Bin6=  0.499%
Bin7=  1.071%
Bin8=  1.199%

Bin1(RLHL_H_fail)==>(Qty=31)
1 4 20 31 38 44 47 53 63 98 100 135 137 146 159 161 163 173 224 229 256 257 258 259 260 261 263 266 267 268 273 
Bin2(RLHH_L_fail)==>(Qty=28)
1 4 20 31 38 44 47 63 100 135 137 146 159 161 163 173 224 229 256 257 258 259 260 261 263 267 268 273 
Bin3(Dummy_Heater_fail)==>(Qty=23)
1 4 20 38 44 63 100 135 137 146 159 161 224 229 256 257 258 259 260 261 263 267 268 
Bin4(TSR_fail)==>(Qty=3)
77 261 267 
Bin5(RPD_Si,CSYNC_fail)==>(Qty=22)
4 31 44 47 53 63 100 118 137 159 161 163 173 256 257 258 259 260 261 263 267 273 
Bin6(RPD_CLK,Di_fail)==>(Qty=8)
4 53 257 258 259 260 263 267 
Bin7(ID_fail)==>(Qty=15)
44 47 63 118 159 173 256 257 258 259 260 261 263 267 273 
Bin8(Open_Short)==>(Qty=18)
1 4 44 63 100 135 137 146 159 161 224 256 257 259 260 261 263 267 
GAT0025#10(1NKJ410)
PCS=10
Pass_dices= 225
Bin0= 82.418%
Bin1=  4.071%
Bin2=  4.529%
Bin3=  2.453%
Bin4=  0.000%
Bin5=  2.246%
Bin6=  0.665%
Bin7=  1.660%
Bin8=  1.959%

Bin1(RLHL_H_fail)==>(Qty=43)
12 20 33 38 60 66 75 77 85 94 96 98 101 105 113 119 124 131 134 137 139 143 144 147 149 158 159 165 166 169 172 173 183 195 202 205 212 227 230 254 260 264 268 
Bin2(RLHH_L_fail)==>(Qty=44)
12 20 38 60 66 77 79 85 94 96 98 101 104 105 113 116 119 124 134 137 139 143 144 147 149 158 159 165 166 169 172 173 183 185 195 202 205 212 227 230 254 260 264 268 
Bin3(Dummy_Heater_fail)==>(Qty=34)
20 60 66 75 77 85 94 96 98 105 113 124 134 137 139 143 144 147 159 165 166 169 172 173 183 195 202 205 227 230 254 260 264 268 
Bin4(TSR_fail)==>(Qty=0)

Bin5(RPD_Si,CSYNC_fail)==>(Qty=30)
20 38 60 66 75 79 94 96 98 101 105 119 134 137 139 143 147 158 159 166 169 183 195 202 205 212 230 254 260 264 
Bin6(RPD_CLK,Di_fail)==>(Qty=11)
20 66 85 94 105 147 169 173 205 254 264 
Bin7(ID_fail)==>(Qty=21)
20 60 85 94 96 101 119 134 137 147 166 169 173 182 183 195 212 230 254 260 264 
Bin8(Open_Short)==>(Qty=28)
20 60 66 75 77 94 96 105 113 134 137 139 143 144 147 159 165 166 169 172 183 195 202 227 230 260 264 268 
GAT0025#11(1NKJ410)
PCS=11
Pass_dices= 230
Bin0= 84.249%
Bin1=  3.891%
Bin2=  2.975%
Bin3=  2.456%
Bin4=  1.172%
Bin5=  1.882%
Bin6=  0.405%
Bin7=  1.156%
Bin8=  1.815%

Bin1(RLHL_H_fail)==>(Qty=38)
13 25 27 30 31 52 53 56 57 61 65 66 71 77 86 97 101 103 119 124 135 137 138 160 161 166 176 181 185 190 196 232 234 236 260 261 267 268 
Bin2(RLHH_L_fail)==>(Qty=36)
13 25 27 30 31 52 53 56 57 61 66 71 77 86 97 101 119 122 124 135 137 138 160 161 166 176 181 185 190 232 234 236 260 261 267 268 
Bin3(Dummy_Heater_fail)==>(Qty=32)
13 25 27 30 31 52 56 57 61 66 71 77 97 101 119 124 135 137 138 160 161 166 176 181 185 190 232 234 260 261 267 268 
Bin4(TSR_fail)==>(Qty=4)
102 125 144 160 
Bin5(RPD_Si,CSYNC_fail)==>(Qty=25)
13 25 27 30 31 52 53 56 57 66 86 97 101 119 122 124 135 137 161 166 181 190 234 236 268 
Bin6(RPD_CLK,Di_fail)==>(Qty=7)
13 27 30 190 234 260 268 
Bin7(ID_fail)==>(Qty=14)
12 13 25 27 30 31 52 53 56 97 135 161 190 268 
Bin8(Open_Short)==>(Qty=26)
13 25 27 31 52 56 57 71 97 101 119 124 135 137 138 160 161 166 176 181 185 190 234 260 261 268 
GAT0025#12(1NKJ410)
PCS=12
Pass_dices= 240
Bin0= 87.912%
Bin1=  2.541%
Bin2=  2.449%
Bin3=  2.193%
Bin4=  0.366%
Bin5=  1.155%
Bin6=  0.239%
Bin7=  1.313%
Bin8=  1.832%

Bin1(RLHL_H_fail)==>(Qty=29)
2 15 24 40 59 62 64 72 114 136 145 148 156 158 171 173 175 204 217 225 238 251 254 255 260 261 264 267 271 
Bin2(RLHH_L_fail)==>(Qty=29)
2 15 24 40 41 59 62 72 114 136 145 148 156 158 171 173 175 204 217 225 238 251 254 255 260 261 264 267 271 
Bin3(Dummy_Heater_fail)==>(Qty=27)
2 15 24 40 41 59 62 72 114 136 145 156 158 171 173 175 204 217 225 238 251 254 255 261 264 267 271 
Bin4(TSR_fail)==>(Qty=2)
32 269 
Bin5(RPD_Si,CSYNC_fail)==>(Qty=15)
15 41 59 64 156 158 173 204 251 255 260 261 264 267 271 
Bin6(RPD_CLK,Di_fail)==>(Qty=4)
225 251 261 264 
Bin7(ID_fail)==>(Qty=12)
32 59 156 158 225 255 260 261 264 267 269 273 
Bin8(Open_Short)==>(Qty=23)
2 15 24 40 41 62 72 114 136 145 156 158 171 175 204 238 251 254 260 261 264 267 271 
GAT0025#13(1NKJ410)
PCS=13
Pass_dices= 245
Bin0= 89.744%
Bin1=  2.630%
Bin2=  2.172%
Bin3=  1.763%
Bin4=  0.073%
Bin5=  1.347%
Bin6=  0.310%
Bin7=  0.670%
Bin8=  1.293%

Bin1(RLHL_H_fail)==>(Qty=28)
1 6 16 19 74 77 78 81 87 96 98 99 106 113 131 169 204 237 241 243 244 249 256 258 262 266 267 271 
Bin2(RLHH_L_fail)==>(Qty=25)
1 6 16 19 74 77 78 81 96 98 99 106 113 131 169 204 237 241 243 244 258 262 266 267 271 
Bin3(Dummy_Heater_fail)==>(Qty=22)
1 6 16 19 74 77 78 81 96 98 99 106 113 131 169 237 243 244 249 258 262 271 
Bin4(TSR_fail)==>(Qty=1)
266 
Bin5(RPD_Si,CSYNC_fail)==>(Qty=17)
1 19 74 78 87 96 98 113 131 237 243 244 249 256 262 266 267 
Bin6(RPD_CLK,Di_fail)==>(Qty=5)
6 78 96 237 267 
Bin7(ID_fail)==>(Qty=11)
19 74 78 96 98 131 237 243 262 266 267 
Bin8(Open_Short)==>(Qty=18)
1 19 74 77 78 96 98 99 113 169 237 243 244 249 258 262 267 271 
GAT0025#14(1NKJ410)
PCS=14
Pass_dices= 235
Bin0= 86.081%
Bin1=  3.481%
Bin2=  3.481%
Bin3=  2.107%
Bin4=  0.000%
Bin5=  2.138%
Bin6=  0.257%
Bin7=  0.880%
Bin8=  1.576%

Bin1(RLHL_H_fail)==>(Qty=32)
6 8 20 31 38 65 69 78 80 92 97 98 101 113 137 144 147 166 167 186 187 188 192 198 210 237 251 254 261 268 269 270 
Bin2(RLHH_L_fail)==>(Qty=32)
6 8 13 20 31 34 38 65 69 78 80 92 97 113 137 144 147 166 167 187 192 210 218 222 237 244 251 254 261 268 269 270 
Bin3(Dummy_Heater_fail)==>(Qty=26)
6 8 20 31 38 65 80 92 97 113 137 144 147 166 167 187 192 210 222 244 251 254 261 268 269 270 
Bin4(TSR_fail)==>(Qty=0)

Bin5(RPD_Si,CSYNC_fail)==>(Qty=22)
13 20 31 69 80 92 97 101 137 166 167 186 188 198 210 222 244 251 261 268 269 270 
Bin6(RPD_CLK,Di_fail)==>(Qty=4)
8 65 166 251 
Bin7(ID_fail)==>(Qty=9)
35 65 69 166 167 251 261 268 270 
Bin8(Open_Short)==>(Qty=21)
6 20 31 65 80 92 97 113 137 144 166 167 192 210 222 244 251 254 261 269 270 
GAT0025#15(1NKJ410)
PCS=15
Pass_dices= 251
Bin0= 91.941%
Bin1=  1.838%
Bin2=  1.929%
Bin3=  1.184%
Bin4=  0.000%
Bin5=  1.258%
Bin6=  0.092%
Bin7=  0.879%
Bin8=  0.879%

Bin1(RLHL_H_fail)==>(Qty=19)
9 29 39 102 106 113 133 137 142 145 148 184 195 200 211 247 254 261 267 
Bin2(RLHH_L_fail)==>(Qty=20)
9 29 39 61 66 102 106 113 133 137 142 145 148 184 195 200 211 254 261 267 
Bin3(Dummy_Heater_fail)==>(Qty=15)
9 29 39 61 106 113 133 137 142 145 184 195 200 254 261 
Bin4(TSR_fail)==>(Qty=0)

Bin5(RPD_Si,CSYNC_fail)==>(Qty=16)
9 29 39 61 102 106 113 137 145 148 184 195 211 254 261 267 
Bin6(RPD_CLK,Di_fail)==>(Qty=1)
142 
Bin7(ID_fail)==>(Qty=8)
9 29 46 102 106 211 261 267 
Bin8(Open_Short)==>(Qty=12)
29 39 61 106 113 133 137 145 184 195 211 261 
GAT0025#16(1NKJ410)
PCS=16
Pass_dices= 216
Bin0= 79.121%
Bin1=  2.913%
Bin2=  2.168%
Bin3=  1.539%
Bin4=  0.183%
Bin5=  1.100%
Bin6=  0.105%
Bin7= 11.668%
Bin8=  1.204%

Bin1(RLHL_H_fail)==>(Qty=26)
11 39 55 56 61 77 85 100 102 105 117 122 134 137 140 159 187 202 209 216 235 243 244 254 256 261 
Bin2(RLHH_L_fail)==>(Qty=22)
11 15 55 56 61 85 100 102 105 117 134 137 140 159 187 209 235 243 244 254 256 261 
Bin3(Dummy_Heater_fail)==>(Qty=19)
11 39 55 56 61 77 85 100 102 117 134 137 140 159 187 209 235 256 261 
Bin4(TSR_fail)==>(Qty=1)
165 
Bin5(RPD_Si,CSYNC_fail)==>(Qty=15)
11 55 56 61 77 85 100 137 140 187 209 235 243 244 254 
Bin6(RPD_CLK,Di_fail)==>(Qty=2)
61 209 
Bin7(ID_fail)==>(Qty=41)
5 6 19 20 28 30 56 61 66 67 77 82 88 100 121 122 140 141 142 153 163 164 165 174 175 196 197 207 209 225 226 235 243 251 254 261 263 264 265 272 273 
Bin8(Open_Short)==>(Qty=16)
11 39 55 56 61 77 100 102 117 134 137 140 209 235 244 261 
GAT0025#17(1NKJ410)
PCS=17
Pass_dices= 252
Bin0= 92.308%
Bin1=  2.165%
Bin2=  1.432%
Bin3=  1.310%
Bin4=  0.000%
Bin5=  1.237%
Bin6=  0.187%
Bin7=  0.614%
Bin8=  0.748%

Bin1(RLHL_H_fail)==>(Qty=17)
3 6 9 13 20 53 58 59 81 129 137 138 203 256 261 267 268 
Bin2(RLHH_L_fail)==>(Qty=16)
3 6 9 13 20 47 53 59 68 129 137 138 256 261 267 268 
Bin3(Dummy_Heater_fail)==>(Qty=15)
3 6 9 13 20 47 53 59 68 129 137 138 261 267 268 
Bin4(TSR_fail)==>(Qty=0)

Bin5(RPD_Si,CSYNC_fail)==>(Qty=12)
6 9 20 47 53 68 137 147 203 256 258 267 
Bin6(RPD_CLK,Di_fail)==>(Qty=3)
6 13 267 
Bin7(ID_fail)==>(Qty=6)
9 13 20 147 258 267 
Bin8(Open_Short)==>(Qty=10)
6 9 20 47 53 68 137 138 267 268 
GAT0025#18(1NKJ410)
PCS=18
Pass_dices= 231
Bin0= 84.615%
Bin1=  3.987%
Bin2=  3.803%
Bin3=  2.674%
Bin4=  0.000%
Bin5=  1.593%
Bin6=  0.195%
Bin7=  1.325%
Bin8=  1.807%

Bin1(RLHL_H_fail)==>(Qty=40)
34 37 39 53 54 55 59 61 62 73 75 76 81 82 96 98 101 112 116 121 125 130 138 139 159 161 171 180 188 193 194 195 206 211 218 220 239 254 261 272 
Bin2(RLHH_L_fail)==>(Qty=39)
34 37 39 53 55 59 61 62 73 75 76 81 82 96 98 101 112 115 116 121 125 138 139 159 161 171 180 188 193 194 195 206 211 218 220 239 254 261 272 
Bin3(Dummy_Heater_fail)==>(Qty=33)
34 37 39 53 55 59 62 73 75 76 81 82 96 98 101 116 121 125 130 138 139 161 171 180 193 195 206 211 218 220 239 254 261 
Bin4(TSR_fail)==>(Qty=0)

Bin5(RPD_Si,CSYNC_fail)==>(Qty=23)
34 37 39 55 59 62 75 81 82 96 101 112 116 121 125 138 161 194 195 206 211 218 239 
Bin6(RPD_CLK,Di_fail)==>(Qty=3)
39 73 81 
Bin7(ID_fail)==>(Qty=16)
37 39 55 62 73 81 82 101 116 119 121 125 138 194 206 211 
Bin8(Open_Short)==>(Qty=25)
34 37 55 59 62 75 76 82 96 101 116 121 125 138 139 161 171 180 195 206 211 218 220 239 254 
GAT0025#19(1NKJ410)
PCS=19
Pass_dices= 217
Bin0= 79.487%
Bin1=  4.806%
Bin2=  4.622%
Bin3=  2.962%
Bin4=  0.419%
Bin5=  2.638%
Bin6=  0.483%
Bin7=  2.107%
Bin8=  2.476%

Bin1(RLHL_H_fail)==>(Qty=51)
3 9 25 32 38 39 40 43 46 49 52 55 65 66 69 75 76 78 79 83 93 94 95 105 114 116 117 120 137 157 161 164 167 170 177 179 187 192 198 212 225 235 236 240 249 260 261 264 267 268 273 
Bin2(RLHH_L_fail)==>(Qty=50)
3 7 9 25 32 38 40 43 46 49 52 55 66 69 75 78 79 83 93 94 95 105 114 116 117 120 137 157 161 164 167 170 177 179 187 192 198 212 225 235 236 240 249 255 260 261 264 267 268 273 
Bin3(Dummy_Heater_fail)==>(Qty=40)
3 9 25 38 40 43 46 49 52 66 69 75 79 83 93 94 95 105 116 120 137 157 161 164 167 170 177 179 192 198 212 225 235 236 240 249 260 264 267 273 
Bin4(TSR_fail)==>(Qty=2)
15 46 
Bin5(RPD_Si,CSYNC_fail)==>(Qty=36)
3 9 32 40 46 52 65 75 79 83 93 94 95 105 114 116 120 137 157 161 164 167 170 177 179 192 198 225 235 236 240 260 261 264 267 268 
Bin6(RPD_CLK,Di_fail)==>(Qty=8)
3 9 46 52 167 177 198 225 
Bin7(ID_fail)==>(Qty=21)
40 46 79 93 95 114 120 137 157 170 177 179 217 225 240 254 255 260 261 267 268 
Bin8(Open_Short)==>(Qty=33)
3 9 25 38 39 40 66 69 75 79 83 93 94 105 114 116 120 157 161 164 167 170 179 198 212 225 235 236 240 249 264 267 273 
GAT0025#20(1NKJ410)
PCS=20
Pass_dices= 180
Bin0= 65.934%
Bin1=  4.171%
Bin2=  2.493%
Bin3=  1.809%
Bin4=  0.549%
Bin5=  1.766%
Bin6=  0.417%
Bin7= 21.504%
Bin8=  1.357%

Bin1(RLHL_H_fail)==>(Qty=36)
3 8 21 44 49 50 57 65 68 69 93 106 113 125 126 128 131 145 146 148 165 173 174 176 180 186 196 204 226 237 239 254 260 261 267 269 
Bin2(RLHH_L_fail)==>(Qty=30)
3 21 44 49 50 65 69 74 93 106 125 126 128 131 145 146 148 165 173 174 176 180 196 204 226 237 239 260 261 269 
Bin3(Dummy_Heater_fail)==>(Qty=24)
3 21 44 49 50 69 74 106 125 126 128 131 145 146 148 173 174 176 196 204 226 237 239 261 
Bin4(TSR_fail)==>(Qty=2)
46 113 
Bin5(RPD_Si,CSYNC_fail)==>(Qty=22)
3 21 49 50 65 68 74 106 125 128 131 145 148 165 173 180 186 196 204 260 261 269 
Bin6(RPD_CLK,Di_fail)==>(Qty=7)
50 65 145 148 173 174 261 
Bin7(ID_fail)==>(Qty=73)
3 4 5 6 7 19 20 21 28 29 37 38 50 56 65 66 67 77 78 88 89 99 100 110 111 121 122 128 131 132 133 141 142 145 148 152 153 163 164 173 174 175 180 185 186 196 197 198 204 207 208 216 217 225 226 234 235 236 243 250 251 258 260 261 263 264 265 266 267 270 271 272 273 
Bin8(Open_Short)==>(Qty=19)
3 21 44 49 69 74 106 125 131 145 148 173 176 196 204 226 237 239 261 
GAT0025#21(1NKJ410)
PCS=21
Pass_dices= 240
Bin0= 87.912%
Bin1=  2.653%
Bin2=  2.836%
Bin3=  1.908%
Bin4=  0.000%
Bin5=  2.043%
Bin6=  0.358%
Bin7=  0.779%
Bin8=  1.511%

Bin1(RLHL_H_fail)==>(Qty=31)
2 5 8 10 12 20 26 27 28 44 58 67 71 90 95 123 129 137 140 146 148 160 185 197 238 239 251 261 262 267 268 
Bin2(RLHH_L_fail)==>(Qty=31)
2 5 10 12 20 26 27 28 44 58 71 90 95 123 129 137 140 146 148 160 185 197 217 238 239 251 253 261 262 267 268 
Bin3(Dummy_Heater_fail)==>(Qty=25)
2 5 8 12 20 26 27 28 44 58 71 90 123 129 137 140 146 148 197 238 251 253 261 267 268 
Bin4(TSR_fail)==>(Qty=0)

Bin5(RPD_Si,CSYNC_fail)==>(Qty=26)
2 8 10 12 26 27 28 44 58 67 71 95 123 137 146 148 160 185 197 238 239 251 253 261 267 268 
Bin6(RPD_CLK,Di_fail)==>(Qty=5)
10 123 185 251 267 
Bin7(ID_fail)==>(Qty=12)
2 12 27 28 44 95 123 197 239 261 267 268 
Bin8(Open_Short)==>(Qty=21)
2 8 12 20 26 27 28 44 58 71 95 129 137 140 146 148 197 251 253 261 267 
GAT0025#22(1NKJ410)
PCS=22
Pass_dices= 250
Bin0= 91.575%
Bin1=  2.092%
Bin2=  1.909%
Bin3=  1.543%
Bin4=  0.000%
Bin5=  1.207%
Bin6=  0.310%
Bin7=  0.413%
Bin8=  0.951%

Bin1(RLHL_H_fail)==>(Qty=21)
1 23 24 38 75 110 142 155 170 194 226 236 254 260 261 262 266 267 269 272 273 
Bin2(RLHH_L_fail)==>(Qty=20)
1 23 24 37 75 110 142 155 185 194 226 236 254 261 262 266 267 269 272 273 
Bin3(Dummy_Heater_fail)==>(Qty=19)
1 23 24 75 110 142 155 170 194 226 236 254 261 262 266 267 269 272 273 
Bin4(TSR_fail)==>(Qty=0)

Bin5(RPD_Si,CSYNC_fail)==>(Qty=15)
1 23 24 37 38 75 155 226 236 254 261 266 267 269 272 
Bin6(RPD_CLK,Di_fail)==>(Qty=5)
110 155 236 261 272 
Bin7(ID_fail)==>(Qty=7)
23 24 155 236 254 261 267 
Bin8(Open_Short)==>(Qty=14)
1 23 75 142 155 226 236 254 261 266 267 269 272 273 
GAT0025#23(1NKJ410)
PCS=23
Pass_dices= 251
Bin0= 91.941%
Bin1=  1.361%
Bin2=  1.514%
Bin3=  1.514%
Bin4=  0.000%
Bin5=  1.056%
Bin6=  0.305%
Bin7=  0.916%
Bin8=  1.392%

Bin1(RLHL_H_fail)==>(Qty=18)
4 5 7 37 40 41 60 81 83 106 126 170 228 251 254 261 267 271 
Bin2(RLHH_L_fail)==>(Qty=19)
4 5 7 37 40 41 60 81 106 126 170 202 228 251 254 261 267 270 271 
Bin3(Dummy_Heater_fail)==>(Qty=19)
4 5 7 12 37 40 60 81 83 106 126 170 228 251 254 261 267 270 271 
Bin4(TSR_fail)==>(Qty=0)

Bin5(RPD_Si,CSYNC_fail)==>(Qty=15)
4 7 37 40 60 81 106 126 170 228 251 254 261 270 271 
Bin6(RPD_CLK,Di_fail)==>(Qty=4)
40 41 267 271 
Bin7(ID_fail)==>(Qty=10)
37 40 93 106 126 228 254 261 267 271 
Bin8(Open_Short)==>(Qty=16)
4 5 7 12 37 60 83 106 126 170 202 228 254 261 267 270 
GAT0025#24(1NKJ410)
PCS=24
Pass_dices= 231
Bin0= 84.615%
Bin1=  3.850%
Bin2=  3.758%
Bin3=  2.781%
Bin4=  0.000%
Bin5=  1.163%
Bin6=  0.235%
Bin7=  1.273%
Bin8=  2.323%

Bin1(RLHL_H_fail)==>(Qty=36)
4 9 22 33 53 61 70 75 94 97 106 113 132 135 164 171 202 217 222 229 232 235 240 246 254 255 259 260 261 262 266 267 268 269 272 273 
Bin2(RLHH_L_fail)==>(Qty=36)
1 4 9 22 33 53 61 70 75 94 97 106 113 132 135 142 164 171 202 217 222 229 232 235 240 246 255 259 260 261 262 266 267 269 272 273 
Bin3(Dummy_Heater_fail)==>(Qty=30)
4 9 22 61 70 97 106 113 132 135 142 164 171 175 202 217 222 229 232 235 240 246 255 258 260 261 262 269 272 273 
Bin4(TSR_fail)==>(Qty=0)

Bin5(RPD_Si,CSYNC_fail)==>(Qty=15)
9 33 61 70 106 135 142 171 202 240 246 259 262 266 269 
Bin6(RPD_CLK,Di_fail)==>(Qty=3)
53 135 171 
Bin7(ID_fail)==>(Qty=8)
84 148 171 240 259 262 266 268 
Bin8(Open_Short)==>(Qty=26)
9 22 70 97 106 113 132 135 142 171 175 202 217 222 229 235 240 246 255 258 260 261 262 269 272 273 
